1.805714 0.161600 2.434286 0.251200 1.000000
1.797143 0.148800 2.425714 0.238400 1.000000
1.788571 0.139200 2.417143 0.228800 0.000000
1.780000 0.128000 2.408571 0.217600 0.000000
1.771429 0.118400 2.400000 0.208000 0.000000
1.762857 0.110400 2.391429 0.200000 0.000000
1.754286 0.100800 2.382857 0.190400 0.000000
1.745714 0.092800 2.374286 0.182400 0.000000
1.737143 0.086400 2.365714 0.176000 0.000000
1.728571 0.078400 2.357143 0.168000 0.000000
1.720000 0.073600 2.348571 0.163200 0.000000
1.711429 0.067200 2.340000 0.156800 0.000000
1.702857 0.062400 2.331429 0.152000 0.000000
1.694286 0.057600 2.322857 0.147200 0.000000
1.685714 0.054400 2.314286 0.144000 0.000000
1.677143 0.051200 2.305714 0.140800 0.000000
1.668571 0.048000 2.297143 0.137600 0.000000
1.660000 0.044800 2.288571 0.134400 0.000000
1.651429 0.043200 2.280000 0.132800 0.000000
1.642857 0.043200 2.271429 0.132800 0.000000
1.634286 0.043200 2.262857 0.132800 0.000000
1.625714 0.043200 2.254286 0.132800 0.000000
1.617143 0.043200 2.245714 0.132800 0.000000
1.608571 0.044800 2.237143 0.134400 0.000000
1.600000 0.046400 2.228571 0.136000 0.000000
1.591429 0.049600 2.220000 0.139200 0.000000
1.582857 0.051200 2.211429 0.140800 0.000000
1.574286 0.056000 2.202857 0.145600 0.000000
1.565714 0.056000 2.194286 0.145600 1.000000
1.557143 0.043200 2.185714 0.132800 1.000000
1.548571 0.033600 2.177143 0.123200 0.000000
1.540000 0.022400 2.168571 0.112000 0.000000
1.531429 0.012800 2.160000 0.102400 0.000000
1.522857 0.004800 2.151429 0.094400 0.000000
1.514286 -0.004800 2.142857 0.084800 0.000000
1.505714 -0.012800 2.134286 0.076800 0.000000
1.497143 -0.019200 2.125714 0.070400 0.000000
1.488571 -0.027200 2.117143 0.062400 0.000000
1.480000 -0.032000 2.108571 0.057600 0.000000
1.471429 -0.038400 2.100000 0.051200 0.000000
1.462857 -0.043200 2.091429 0.046400 0.000000
1.454286 -0.048000 2.082857 0.041600 0.000000
1.445714 -0.051200 2.074286 0.038400 0.000000
1.437143 -0.054400 2.065714 0.035200 0.000000
1.428571 -0.057600 2.057143 0.032000 0.000000
1.420000 -0.060800 2.048571 0.028800 0.000000
1.411429 -0.062400 2.040000 0.027200 0.000000
1.402857 -0.062400 2.031429 0.027200 0.000000
1.394286 -0.062400 2.022857 0.027200 0.000000
1.385714 -0.062400 2.014286 0.027200 0.000000
1.377143 -0.062400 2.005714 0.027200 0.000000
1.368571 -0.060800 1.997143 0.028800 0.000000
1.360000 -0.059200 1.988571 0.030400 0.000000
1.351429 -0.056000 1.980000 0.033600 0.000000
1.342857 -0.054400 1.971429 0.035200 0.000000
1.334286 -0.049600 1.962857 0.040000 0.000000
1.325714 -0.046400 1.954286 0.043200 0.000000
1.317143 -0.041600 1.945714 0.048000 0.000000
1.308571 -0.035200 1.937143 0.054400 0.000000
1.300000 -0.030400 1.928571 0.059200 0.000000
1.291429 -0.024000 1.920000 0.065600 0.000000
1.282857 -0.016000 1.911429 0.073600 0.000000
1.274286 -0.009600 1.902857 0.080000 0.000000
1.265714 0.000000 1.894286 0.089600 0.000000
1.257143 0.008000 1.885714 0.097600 0.000000
1.248571 0.017600 1.877143 0.107200 0.000000
1.240000 0.027200 1.868571 0.116800 0.000000
1.231429 0.038400 1.860000 0.128000 0.000000
1.222857 0.038400 1.851429 0.128000 1.000000
1.214286 0.025600 1.842857 0.115200 1.000000
1.205714 0.016000 1.834286 0.105600 0.000000
1.197143 0.004800 1.825714 0.094400 0.000000
1.188571 -0.004800 1.817143 0.084800 0.000000
1.180000 -0.012800 1.808571 0.076800 0.000000
1.171429 -0.022400 1.800000 0.067200 0.000000
1.162857 -0.030400 1.791429 0.059200 0.000000
1.154286 -0.036800 1.782857 0.052800 0.000000
1.145714 -0.044800 1.774286 0.044800 0.000000
1.137143 -0.049600 1.765714 0.040000 0.000000
1.128571 -0.056000 1.757143 0.033600 0.000000
1.120000 -0.060800 1.748571 0.028800 0.000000
1.111429 -0.065600 1.740000 0.024000 0.000000
1.102857 -0.068800 1.731429 0.020800 0.000000
1.094286 -0.072000 1.722857 0.017600 0.000000
1.085714 -0.075200 1.714286 0.014400 0.000000
1.077143 -0.078400 1.705714 0.011200 0.000000
1.068571 -0.080000 1.697143 0.009600 0.000000
1.060000 -0.080000 1.688571 0.009600 0.000000
1.051429 -0.080000 1.680000 0.009600 0.000000
1.042857 -0.080000 1.671429 0.009600 0.000000
1.034286 -0.080000 1.662857 0.009600 0.000000
1.025714 -0.078400 1.654286 0.011200 0.000000
1.017143 -0.076800 1.645714 0.012800 0.000000
1.008571 -0.073600 1.637143 0.016000 0.000000
1.000000 -0.072000 1.628571 0.017600 0.000000
0.991429 -0.067200 1.620000 0.022400 0.000000
0.982857 -0.064000 1.611429 0.025600 0.000000
0.974286 -0.059200 1.602857 0.030400 0.000000
0.965714 -0.052800 1.594286 0.036800 0.000000
0.957143 -0.048000 1.585714 0.041600 0.000000
0.948571 -0.041600 1.577143 0.048000 0.000000
0.940000 -0.033600 1.568571 0.056000 0.000000
0.931429 -0.027200 1.560000 0.062400 0.000000
0.922857 -0.017600 1.551429 0.072000 0.000000
0.914286 -0.009600 1.542857 0.080000 0.000000
0.905714 0.000000 1.534286 0.089600 0.000000
0.897143 0.009600 1.525714 0.099200 0.000000
0.888571 0.020800 1.517143 0.110400 0.000000
0.880000 0.032000 1.508571 0.121600 0.000000
0.871429 0.032000 1.500000 0.121600 1.000000
0.862857 0.019200 1.491429 0.108800 1.000000
0.854286 0.009600 1.482857 0.099200 0.000000
0.845714 -0.001600 1.474286 0.088000 0.000000
0.837143 -0.011200 1.465714 0.078400 0.000000
0.828571 -0.019200 1.457143 0.070400 0.000000
0.820000 -0.028800 1.448571 0.060800 0.000000
0.811429 -0.036800 1.440000 0.052800 0.000000
0.802857 -0.043200 1.431429 0.046400 0.000000
0.794286 -0.051200 1.422857 0.038400 0.000000
0.785714 -0.056000 1.414286 0.033600 0.000000
0.777143 -0.062400 1.405714 0.027200 0.000000
0.768571 -0.067200 1.397143 0.022400 0.000000
0.760000 -0.072000 1.388571 0.017600 0.000000
0.751429 -0.075200 1.380000 0.014400 0.000000
0.742857 -0.078400 1.371429 0.011200 0.000000
0.734286 -0.081600 1.362857 0.008000 0.000000
0.725714 -0.084800 1.354286 0.004800 0.000000
0.717143 -0.086400 1.345714 0.003200 0.000000
0.708571 -0.086400 1.337143 0.003200 0.000000
0.700000 -0.086400 1.328571 0.003200 0.000000
0.691429 -0.086400 1.320000 0.003200 0.000000
0.682857 -0.086400 1.311429 0.003200 0.000000
0.674286 -0.084800 1.302857 0.004800 0.000000
0.665714 -0.083200 1.294286 0.006400 0.000000
0.657143 -0.080000 1.285714 0.009600 0.000000
0.648571 -0.078400 1.277143 0.011200 0.000000
0.640000 -0.073600 1.268571 0.016000 0.000000
0.631429 -0.070400 1.260000 0.019200 0.000000
0.622857 -0.065600 1.251429 0.024000 0.000000
0.614286 -0.059200 1.242857 0.030400 0.000000
0.605714 -0.054400 1.234286 0.035200 0.000000
0.597143 -0.048000 1.225714 0.041600 0.000000
0.588571 -0.040000 1.217143 0.049600 0.000000
0.580000 -0.033600 1.208571 0.056000 0.000000
0.571429 -0.024000 1.200000 0.065600 0.000000
0.562857 -0.016000 1.191429 0.073600 0.000000
0.554286 -0.006400 1.182857 0.083200 0.000000
0.545714 0.003200 1.174286 0.092800 0.000000
0.537143 0.014400 1.165714 0.104000 0.000000
0.528571 0.025600 1.157143 0.115200 0.000000
0.520000 0.036800 1.148571 0.126400 0.000000
0.511429 0.048000 1.140000 0.137600 0.000000
0.502857 0.060800 1.131429 0.150400 0.000000
0.494286 0.075200 1.122857 0.164800 0.000000
0.485714 0.089600 1.114286 0.179200 0.000000
0.477143 0.089600 1.105714 0.179200 1.000000
0.468571 0.076800 1.097143 0.166400 1.000000
0.460000 0.067200 1.088571 0.156800 0.000000
0.451429 0.056000 1.080000 0.145600 0.000000
0.442857 0.046400 1.071429 0.136000 0.000000
0.434286 0.038400 1.062857 0.128000 0.000000
0.425714 0.028800 1.054286 0.118400 0.000000
0.417143 0.020800 1.045714 0.110400 0.000000
0.408571 0.014400 1.037143 0.104000 0.000000
0.400000 0.006400 1.028571 0.096000 0.000000
0.391429 0.001600 1.020000 0.091200 0.000000
0.382857 -0.004800 1.011429 0.084800 0.000000
0.374286 -0.009600 1.002857 0.080000 0.000000
0.365714 -0.014400 0.994286 0.075200 0.000000
0.357143 -0.017600 0.985714 0.072000 0.000000
0.348571 -0.020800 0.977143 0.068800 0.000000
0.340000 -0.024000 0.968571 0.065600 0.000000
0.331429 -0.027200 0.960000 0.062400 0.000000
0.322857 -0.028800 0.951429 0.060800 0.000000
0.314286 -0.028800 0.942857 0.060800 0.000000
0.305714 -0.028800 0.934286 0.060800 0.000000
0.297143 -0.028800 0.925714 0.060800 0.000000
0.288571 -0.028800 0.917143 0.060800 0.000000
0.280000 -0.027200 0.908571 0.062400 0.000000
0.271429 -0.025600 0.900000 0.064000 0.000000
0.262857 -0.022400 0.891429 0.067200 0.000000
0.254286 -0.020800 0.882857 0.068800 0.000000
0.245714 -0.016000 0.874286 0.073600 0.000000
0.237143 -0.012800 0.865714 0.076800 0.000000
0.228571 -0.008000 0.857143 0.081600 0.000000
0.220000 -0.001600 0.848571 0.088000 0.000000
0.211429 0.003200 0.840000 0.092800 0.000000
0.202857 0.009600 0.831429 0.099200 0.000000
0.194286 0.017600 0.822857 0.107200 0.000000
0.185714 0.024000 0.814286 0.113600 0.000000
0.177143 0.033600 0.805714 0.123200 0.000000
0.168571 0.041600 0.797143 0.131200 0.000000
0.160000 0.041600 0.788571 0.131200 1.000000
0.151429 0.028800 0.780000 0.118400 1.000000
0.142857 0.019200 0.771429 0.108800 0.000000
0.134286 0.008000 0.762857 0.097600 0.000000
0.125714 -0.001600 0.754286 0.088000 0.000000
0.117143 -0.009600 0.745714 0.080000 0.000000
0.108571 -0.019200 0.737143 0.070400 0.000000
0.100000 -0.027200 0.728571 0.062400 0.000000
0.091429 -0.033600 0.720000 0.056000 0.000000
0.082857 -0.041600 0.711429 0.048000 0.000000
0.074286 -0.046400 0.702857 0.043200 0.000000
0.065714 -0.052800 0.694286 0.036800 0.000000
0.057143 -0.057600 0.685714 0.032000 0.000000
0.048571 -0.062400 0.677143 0.027200 0.000000
0.040000 -0.065600 0.668571 0.024000 0.000000
0.031429 -0.068800 0.660000 0.020800 0.000000
0.022857 -0.072000 0.651429 0.017600 0.000000
0.014286 -0.075200 0.642857 0.014400 0.000000
0.005714 -0.076800 0.634286 0.012800 0.000000
-0.002857 -0.076800 0.625714 0.012800 0.000000
-0.011429 -0.076800 0.617143 0.012800 0.000000
-0.020000 -0.076800 0.608571 0.012800 0.000000
-0.028571 -0.076800 0.600000 0.012800 0.000000
-0.037143 -0.075200 0.591429 0.014400 0.000000
-0.045714 -0.073600 0.582857 0.016000 0.000000
-0.054286 -0.070400 0.574286 0.019200 0.000000
-0.062857 -0.068800 0.565714 0.020800 0.000000
-0.071429 -0.064000 0.557143 0.025600 0.000000
-0.080000 -0.060800 0.548571 0.028800 0.000000
-0.088571 -0.056000 0.540000 0.033600 0.000000
-0.097143 -0.049600 0.531429 0.040000 0.000000
-0.105714 -0.044800 0.522857 0.044800 0.000000
-0.114286 -0.038400 0.514286 0.051200 0.000000
-0.122857 -0.030400 0.505714 0.059200 0.000000
-0.131429 -0.024000 0.497143 0.065600 0.000000
-0.140000 -0.014400 0.488571 0.075200 0.000000
-0.148571 -0.006400 0.480000 0.083200 0.000000
-0.157143 0.003200 0.471429 0.092800 0.000000
-0.165714 0.012800 0.462857 0.102400 0.000000
-0.174286 0.024000 0.454286 0.113600 0.000000
0.445714 0.124800 1.074286 -0.014400 0.000000
0.437143 0.136000 1.065714 -0.003200 0.000000
0.428571 0.136000 1.057143 -0.003200 1.000000
0.420000 0.123200 1.048571 -0.016000 1.000000
0.411429 0.113600 1.040000 -0.025600 0.000000
0.402857 0.102400 1.031429 -0.036800 0.000000
0.394286 0.092800 1.022857 -0.046400 0.000000
0.385714 0.084800 1.014286 -0.054400 0.000000
0.377143 0.075200 1.005714 -0.064000 0.000000
0.368571 0.067200 0.997143 -0.072000 0.000000
0.360000 0.060800 0.988571 -0.078400 0.000000
0.351429 0.052800 0.980000 -0.086400 0.000000
0.342857 0.048000 0.971429 -0.091200 0.000000
0.334286 0.041600 0.962857 -0.097600 0.000000
0.325714 0.036800 0.954286 -0.102400 0.000000
0.317143 0.032000 0.945714 -0.107200 0.000000
0.308571 0.028800 0.937143 -0.110400 0.000000
0.300000 0.025600 0.928571 -0.113600 0.000000
0.291429 0.022400 0.920000 -0.116800 0.000000
0.282857 0.019200 0.911429 -0.120000 0.000000
0.274286 0.017600 0.902857 -0.121600 0.000000
0.265714 0.017600 0.894286 -0.121600 0.000000
0.257143 0.017600 0.885714 -0.121600 0.000000
0.248571 0.017600 0.877143 -0.121600 0.000000
0.240000 0.017600 0.868571 -0.121600 0.000000
0.231429 0.019200 0.860000 -0.120000 0.000000
0.222857 0.020800 0.851429 -0.118400 0.000000
0.214286 0.024000 0.842857 -0.115200 0.000000
0.205714 0.025600 0.834286 -0.113600 0.000000
0.197143 0.030400 0.825714 -0.108800 0.000000
0.188571 0.033600 0.817143 -0.105600 0.000000
0.180000 0.038400 0.808571 -0.100800 0.000000
0.171429 0.044800 0.800000 -0.094400 0.000000
0.162857 0.049600 0.791429 -0.089600 0.000000
0.154286 0.056000 0.782857 -0.083200 0.000000
0.145714 0.056000 0.774286 -0.083200 1.000000
0.137143 0.043200 0.765714 -0.096000 1.000000
0.128571 0.033600 0.757143 -0.105600 0.000000
0.120000 0.022400 0.748571 -0.116800 0.000000
0.111429 0.012800 0.740000 -0.126400 0.000000
0.102857 0.004800 0.731429 -0.134400 0.000000
0.094286 -0.004800 0.722857 -0.144000 0.000000
0.085714 -0.012800 0.714286 -0.152000 0.000000
0.077143 -0.019200 0.705714 -0.158400 0.000000
0.068571 -0.027200 0.697143 -0.166400 0.000000
0.060000 -0.032000 0.688571 -0.171200 0.000000
0.051429 -0.038400 0.680000 -0.177600 0.000000
0.042857 -0.043200 0.671429 -0.182400 0.000000
0.034286 -0.048000 0.662857 -0.187200 0.000000
0.025714 -0.051200 0.654286 -0.190400 0.000000
0.017143 -0.054400 0.645714 -0.193600 0.000000
0.008571 -0.057600 0.637143 -0.196800 0.000000
0.000000 -0.060800 0.628571 -0.200000 0.000000
-0.008571 -0.062400 0.620000 -0.201600 0.000000
-0.017143 -0.062400 0.611429 -0.201600 0.000000
-0.025714 -0.062400 0.602857 -0.201600 0.000000
-0.034286 -0.062400 0.594286 -0.201600 0.000000
-0.042857 -0.062400 0.585714 -0.201600 0.000000
-0.051429 -0.060800 0.577143 -0.200000 0.000000
-0.060000 -0.059200 0.568571 -0.198400 0.000000
-0.068571 -0.056000 0.560000 -0.195200 0.000000
-0.077143 -0.054400 0.551429 -0.193600 0.000000
-0.085714 -0.049600 0.542857 -0.188800 0.000000
-0.094286 -0.046400 0.534286 -0.185600 0.000000
-0.102857 -0.041600 0.525714 -0.180800 0.000000
-0.111429 -0.035200 0.517143 -0.174400 0.000000
-0.120000 -0.030400 0.508571 -0.169600 0.000000
-0.128571 -0.024000 0.500000 -0.163200 0.000000
-0.137143 -0.016000 0.491429 -0.155200 0.000000
-0.145714 -0.009600 0.482857 -0.148800 0.000000
-0.154286 0.000000 0.474286 -0.139200 0.000000
-0.162857 0.008000 0.465714 -0.131200 0.000000
-0.171429 0.017600 0.457143 -0.121600 0.000000
0.448571 -0.112000 1.077143 -0.084800 0.000000
0.440000 -0.100800 1.068571 -0.073600 0.000000
0.431429 -0.089600 1.060000 -0.062400 0.000000
0.422857 -0.078400 1.051429 -0.051200 0.000000
0.414286 -0.067200 1.042857 -0.040000 0.000000
0.405714 -0.054400 1.034286 -0.027200 0.000000
0.397143 -0.040000 1.025714 -0.012800 0.000000
0.388571 -0.025600 1.017143 0.001600 0.000000
0.380000 -0.011200 1.008571 0.016000 0.000000
0.371429 0.003200 1.000000 0.030400 0.000000
0.362857 0.019200 0.991429 0.046400 0.000000
0.354286 0.035200 0.982857 0.062400 0.000000
0.345714 0.052800 0.974286 0.080000 0.000000
0.337143 0.068800 0.965714 0.096000 0.000000
0.328571 0.088000 0.957143 0.115200 0.000000
0.320000 0.105600 0.948571 0.132800 0.000000
0.311429 0.105600 0.940000 0.132800 1.000000
0.302857 0.092800 0.931429 0.120000 1.000000
0.294286 0.083200 0.922857 0.110400 0.000000
0.285714 0.072000 0.914286 0.099200 0.000000
0.277143 0.062400 0.905714 0.089600 0.000000
0.268571 0.054400 0.897143 0.081600 0.000000
0.260000 0.044800 0.888571 0.072000 0.000000
0.251429 0.036800 0.880000 0.064000 0.000000
0.242857 0.030400 0.871429 0.057600 0.000000
0.234286 0.022400 0.862857 0.049600 0.000000
0.225714 0.017600 0.854286 0.044800 0.000000
0.217143 0.011200 0.845714 0.038400 0.000000
0.208571 0.006400 0.837143 0.033600 0.000000
0.200000 0.001600 0.828571 0.028800 0.000000
0.191429 -0.001600 0.820000 0.025600 0.000000
0.182857 -0.004800 0.811429 0.022400 0.000000
0.174286 -0.008000 0.802857 0.019200 0.000000
0.165714 -0.011200 0.794286 0.016000 0.000000
0.157143 -0.012800 0.785714 0.014400 0.000000
0.148571 -0.012800 0.777143 0.014400 0.000000
0.140000 -0.012800 0.768571 0.014400 0.000000
0.131429 -0.012800 0.760000 0.014400 0.000000
0.122857 -0.012800 0.751429 0.014400 0.000000
0.114286 -0.011200 0.742857 0.016000 0.000000
0.105714 -0.009600 0.734286 0.017600 0.000000
0.097143 -0.006400 0.725714 0.020800 0.000000
0.088571 -0.004800 0.717143 0.022400 0.000000
0.080000 0.000000 0.708571 0.027200 0.000000
0.071429 0.003200 0.700000 0.030400 0.000000
0.062857 0.008000 0.691429 0.035200 0.000000
0.054286 0.014400 0.682857 0.041600 0.000000
0.045714 0.014400 0.674286 0.041600 1.000000
0.037143 0.001600 0.665714 0.028800 1.000000
0.028571 -0.008000 0.657143 0.019200 0.000000
0.020000 -0.019200 0.648571 0.008000 0.000000
0.011429 -0.028800 0.640000 -0.001600 0.000000
0.002857 -0.036800 0.631429 -0.009600 0.000000
-0.005714 -0.046400 0.622857 -0.019200 0.000000
-0.014286 -0.054400 0.614286 -0.027200 0.000000
-0.022857 -0.060800 0.605714 -0.033600 0.000000
-0.031429 -0.068800 0.597143 -0.041600 0.000000
-0.040000 -0.073600 0.588571 -0.046400 0.000000
-0.048571 -0.080000 0.580000 -0.052800 0.000000
-0.057143 -0.084800 0.571429 -0.057600 0.000000
-0.065714 -0.089600 0.562857 -0.062400 0.000000
-0.074286 -0.092800 0.554286 -0.065600 0.000000
-0.082857 -0.096000 0.545714 -0.068800 0.000000
-0.091429 -0.099200 0.537143 -0.072000 0.000000
-0.100000 -0.102400 0.528571 -0.075200 0.000000
-0.108571 -0.104000 0.520000 -0.076800 0.000000
-0.117143 -0.104000 0.511429 -0.076800 0.000000
-0.125714 -0.104000 0.502857 -0.076800 0.000000
-0.134286 -0.104000 0.494286 -0.076800 0.000000
-0.142857 -0.104000 0.485714 -0.076800 0.000000
-0.151429 -0.102400 0.477143 -0.075200 0.000000
-0.160000 -0.100800 0.468571 -0.073600 0.000000
-0.168571 -0.097600 0.460000 -0.070400 0.000000
0.451429 -0.068800 1.088571 0.004800 0.000000
0.442857 -0.064000 1.080000 0.009600 0.000000
0.434286 -0.060800 1.071429 0.012800 0.000000
0.425714 -0.056000 1.062857 0.017600 0.000000
0.417143 -0.049600 1.054286 0.024000 0.000000
0.408571 -0.044800 1.045714 0.028800 0.000000
0.400000 -0.038400 1.037143 0.035200 0.000000
0.391429 -0.030400 1.028571 0.043200 0.000000
0.382857 -0.024000 1.020000 0.049600 0.000000
0.374286 -0.014400 1.011429 0.059200 0.000000
0.365714 -0.006400 1.002857 0.067200 0.000000
0.357143 0.003200 0.994286 0.076800 0.000000
0.348571 0.012800 0.985714 0.086400 0.000000
0.340000 0.024000 0.977143 0.097600 0.000000
0.331429 0.035200 0.968571 0.108800 0.000000
0.322857 0.046400 0.960000 0.120000 0.000000
0.314286 0.057600 0.951429 0.131200 0.000000
0.305714 0.070400 0.942857 0.144000 0.000000
0.297143 0.084800 0.934286 0.158400 0.000000
0.288571 0.099200 0.925714 0.172800 0.000000
0.280000 0.113600 0.917143 0.187200 0.000000
0.271429 0.128000 0.908571 0.201600 0.000000
0.262857 0.144000 0.900000 0.217600 0.000000
0.254286 0.144000 0.891429 0.217600 1.000000
0.245714 0.131200 0.882857 0.204800 1.000000
0.237143 0.121600 0.874286 0.195200 0.000000
0.228571 0.110400 0.865714 0.184000 0.000000
0.220000 0.100800 0.857143 0.174400 0.000000
0.211429 0.092800 0.848571 0.166400 0.000000
0.202857 0.083200 0.840000 0.156800 0.000000
0.194286 0.075200 0.831429 0.148800 0.000000
0.185714 0.068800 0.822857 0.142400 0.000000
0.177143 0.060800 0.814286 0.134400 0.000000
0.168571 0.056000 0.805714 0.129600 0.000000
0.160000 0.049600 0.797143 0.123200 0.000000
0.151429 0.044800 0.788571 0.118400 0.000000
0.142857 0.040000 0.780000 0.113600 0.000000
0.134286 0.036800 0.771429 0.110400 0.000000
0.125714 0.033600 0.762857 0.107200 0.000000
0.117143 0.030400 0.754286 0.104000 0.000000
0.108571 0.027200 0.745714 0.100800 0.000000
0.100000 0.025600 0.737143 0.099200 0.000000
0.091429 0.025600 0.728571 0.099200 0.000000
0.082857 0.025600 0.720000 0.099200 0.000000
0.074286 0.025600 0.711429 0.099200 0.000000
0.065714 0.025600 0.702857 0.099200 0.000000
0.057143 0.027200 0.694286 0.100800 0.000000
0.048571 0.028800 0.685714 0.102400 0.000000
0.040000 0.032000 0.677143 0.105600 0.000000
0.031429 0.033600 0.668571 0.107200 0.000000
0.022857 0.038400 0.660000 0.112000 0.000000
0.014286 0.038400 0.651429 0.112000 1.000000
0.005714 0.025600 0.642857 0.099200 1.000000
-0.002857 0.016000 0.634286 0.089600 0.000000
-0.011429 0.004800 0.625714 0.078400 0.000000
-0.020000 -0.004800 0.617143 0.068800 0.000000
-0.028571 -0.012800 0.608571 0.060800 0.000000
-0.037143 -0.022400 0.600000 0.051200 0.000000
-0.045714 -0.030400 0.591429 0.043200 0.000000
-0.054286 -0.036800 0.582857 0.036800 0.000000
-0.062857 -0.044800 0.574286 0.028800 0.000000
-0.071429 -0.049600 0.565714 0.024000 0.000000
-0.080000 -0.056000 0.557143 0.017600 0.000000
-0.088571 -0.060800 0.548571 0.012800 0.000000
-0.097143 -0.065600 0.540000 0.008000 0.000000
-0.105714 -0.068800 0.531429 0.004800 0.000000
-0.114286 -0.072000 0.522857 0.001600 0.000000
-0.122857 -0.075200 0.514286 -0.001600 0.000000
-0.131429 -0.078400 0.505714 -0.004800 0.000000
-0.140000 -0.080000 0.497143 -0.006400 0.000000
-0.148571 -0.080000 0.488571 -0.006400 0.000000
-0.157143 -0.080000 0.480000 -0.006400 0.000000
-0.165714 -0.080000 0.471429 -0.006400 0.000000
-0.174286 -0.080000 0.462857 -0.006400 0.000000
0.454286 -0.004800 1.082857 0.048000 0.000000
0.445714 -0.003200 1.074286 0.049600 0.000000
0.437143 0.000000 1.065714 0.052800 0.000000
0.428571 0.001600 1.057143 0.054400 0.000000
0.420000 0.006400 1.048571 0.059200 0.000000
0.411429 0.009600 1.040000 0.062400 0.000000
0.402857 0.014400 1.031429 0.067200 0.000000
0.394286 0.020800 1.022857 0.073600 0.000000
0.385714 0.025600 1.014286 0.078400 0.000000
0.377143 0.032000 1.005714 0.084800 0.000000
0.368571 0.040000 0.997143 0.092800 0.000000
0.360000 0.046400 0.988571 0.099200 0.000000
0.351429 0.056000 0.980000 0.108800 0.000000
0.342857 0.064000 0.971429 0.116800 0.000000
0.334286 0.073600 0.962857 0.126400 0.000000
0.325714 0.083200 0.954286 0.136000 0.000000
0.317143 0.083200 0.945714 0.136000 1.000000
0.308571 0.070400 0.937143 0.123200 1.000000
0.300000 0.060800 0.928571 0.113600 0.000000
0.291429 0.049600 0.920000 0.102400 0.000000
0.282857 0.040000 0.911429 0.092800 0.000000
0.274286 0.032000 0.902857 0.084800 0.000000
0.265714 0.022400 0.894286 0.075200 0.000000
0.257143 0.014400 0.885714 0.067200 0.000000
0.248571 0.008000 0.877143 0.060800 0.000000
0.240000 0.000000 0.868571 0.052800 0.000000
0.231429 -0.004800 0.860000 0.048000 0.000000
0.222857 -0.011200 0.851429 0.041600 0.000000
0.214286 -0.016000 0.842857 0.036800 0.000000
0.205714 -0.020800 0.834286 0.032000 0.000000
0.197143 -0.024000 0.825714 0.028800 0.000000
0.188571 -0.027200 0.817143 0.025600 0.000000
0.180000 -0.030400 0.808571 0.022400 0.000000
0.171429 -0.033600 0.800000 0.019200 0.000000
0.162857 -0.035200 0.791429 0.017600 0.000000
0.154286 -0.035200 0.782857 0.017600 0.000000
0.145714 -0.035200 0.774286 0.017600 0.000000
0.137143 -0.035200 0.765714 0.017600 0.000000
0.128571 -0.035200 0.757143 0.017600 0.000000
0.120000 -0.033600 0.748571 0.019200 0.000000
0.111429 -0.032000 0.740000 0.020800 0.000000
0.102857 -0.028800 0.731429 0.024000 0.000000
0.094286 -0.027200 0.722857 0.025600 0.000000
0.085714 -0.022400 0.714286 0.030400 0.000000
0.077143 -0.019200 0.705714 0.033600 0.000000
0.068571 -0.014400 0.697143 0.038400 0.000000
0.060000 -0.008000 0.688571 0.044800 0.000000
0.051429 -0.003200 0.680000 0.049600 0.000000
0.042857 0.003200 0.671429 0.056000 0.000000
0.034286 0.011200 0.662857 0.064000 0.000000
0.025714 0.017600 0.654286 0.070400 0.000000
0.017143 0.017600 0.645714 0.070400 1.000000
0.008571 0.004800 0.637143 0.057600 1.000000
0.000000 -0.004800 0.628571 0.048000 0.000000
-0.008571 -0.016000 0.620000 0.036800 0.000000
-0.017143 -0.025600 0.611429 0.027200 0.000000
-0.025714 -0.033600 0.602857 0.019200 0.000000
-0.034286 -0.043200 0.594286 0.009600 0.000000
-0.042857 -0.051200 0.585714 0.001600 0.000000
-0.051429 -0.057600 0.577143 -0.004800 0.000000
-0.060000 -0.065600 0.568571 -0.012800 0.000000
-0.068571 -0.070400 0.560000 -0.017600 0.000000
-0.077143 -0.076800 0.551429 -0.024000 0.000000
-0.085714 -0.081600 0.542857 -0.028800 0.000000
-0.094286 -0.086400 0.534286 -0.033600 0.000000
-0.102857 -0.089600 0.525714 -0.036800 0.000000
-0.111429 -0.092800 0.517143 -0.040000 0.000000
-0.120000 -0.096000 0.508571 -0.043200 0.000000
-0.128571 -0.099200 0.500000 -0.046400 0.000000
-0.137143 -0.100800 0.491429 -0.048000 0.000000
-0.145714 -0.100800 0.482857 -0.048000 0.000000
-0.154286 -0.100800 0.474286 -0.048000 0.000000
-0.162857 -0.100800 0.465714 -0.048000 0.000000
-0.171429 -0.100800 0.457143 -0.048000 0.000000
0.448571 -0.046400 1.077143 -0.003200 0.000000
0.440000 -0.044800 1.068571 -0.001600 0.000000
0.431429 -0.041600 1.060000 0.001600 0.000000
0.422857 -0.040000 1.051429 0.003200 0.000000
0.414286 -0.035200 1.042857 0.008000 0.000000
0.405714 -0.032000 1.034286 0.011200 0.000000
0.397143 -0.027200 1.025714 0.016000 0.000000
0.388571 -0.020800 1.017143 0.022400 0.000000
0.380000 -0.016000 1.008571 0.027200 0.000000
0.371429 -0.009600 1.000000 0.033600 0.000000
0.362857 -0.001600 0.991429 0.041600 0.000000
0.354286 0.004800 0.982857 0.048000 0.000000
0.345714 0.014400 0.974286 0.057600 0.000000
0.337143 0.022400 0.965714 0.065600 0.000000
0.328571 0.032000 0.957143 0.075200 0.000000
0.320000 0.041600 0.948571 0.084800 0.000000
0.311429 0.052800 0.940000 0.096000 0.000000
0.302857 0.064000 0.931429 0.107200 0.000000
0.294286 0.075200 0.922857 0.118400 0.000000
0.285714 0.086400 0.914286 0.129600 0.000000
0.277143 0.099200 0.905714 0.142400 0.000000
0.268571 0.099200 0.897143 0.142400 1.000000
0.260000 0.086400 0.888571 0.129600 1.000000
0.251429 0.076800 0.880000 0.120000 0.000000
0.242857 0.065600 0.871429 0.108800 0.000000
0.234286 0.056000 0.862857 0.099200 0.000000
0.225714 0.048000 0.854286 0.091200 0.000000
0.217143 0.038400 0.845714 0.081600 0.000000
0.208571 0.030400 0.837143 0.073600 0.000000
0.200000 0.024000 0.828571 0.067200 0.000000
0.191429 0.016000 0.820000 0.059200 0.000000
0.182857 0.011200 0.811429 0.054400 0.000000
0.174286 0.004800 0.802857 0.048000 0.000000
0.165714 0.000000 0.794286 0.043200 0.000000
0.157143 -0.004800 0.785714 0.038400 0.000000
0.148571 -0.008000 0.777143 0.035200 0.000000
0.140000 -0.011200 0.768571 0.032000 0.000000
0.131429 -0.014400 0.760000 0.028800 0.000000
0.122857 -0.017600 0.751429 0.025600 0.000000
0.114286 -0.019200 0.742857 0.024000 0.000000
0.105714 -0.019200 0.734286 0.024000 0.000000
0.097143 -0.019200 0.725714 0.024000 0.000000
0.088571 -0.019200 0.717143 0.024000 0.000000
0.080000 -0.019200 0.708571 0.024000 0.000000
0.071429 -0.017600 0.700000 0.025600 0.000000
0.062857 -0.016000 0.691429 0.027200 0.000000
0.054286 -0.012800 0.682857 0.030400 0.000000
0.045714 -0.011200 0.674286 0.032000 0.000000
0.037143 -0.006400 0.665714 0.036800 0.000000
0.028571 -0.003200 0.657143 0.040000 0.000000
0.020000 0.001600 0.648571 0.044800 0.000000
0.011429 0.008000 0.640000 0.051200 0.000000
0.002857 0.012800 0.631429 0.056000 0.000000
-0.005714 0.019200 0.622857 0.062400 0.000000
-0.014286 0.027200 0.614286 0.070400 0.000000
-0.022857 0.033600 0.605714 0.076800 0.000000
-0.031429 0.043200 0.597143 0.086400 0.000000
-0.040000 0.043200 0.588571 0.086400 1.000000
-0.048571 0.030400 0.580000 0.073600 1.000000
-0.057143 0.020800 0.571429 0.064000 0.000000
-0.065714 0.009600 0.562857 0.052800 0.000000
-0.074286 0.000000 0.554286 0.043200 0.000000
-0.082857 -0.008000 0.545714 0.035200 0.000000
-0.091429 -0.017600 0.537143 0.025600 0.000000
-0.100000 -0.025600 0.528571 0.017600 0.000000
-0.108571 -0.032000 0.520000 0.011200 0.000000
-0.117143 -0.040000 0.511429 0.003200 0.000000
-0.125714 -0.044800 0.502857 -0.001600 0.000000
-0.134286 -0.051200 0.494286 -0.008000 0.000000
-0.142857 -0.056000 0.485714 -0.012800 0.000000
-0.151429 -0.060800 0.477143 -0.017600 0.000000
-0.160000 -0.064000 0.468571 -0.020800 0.000000
-0.168571 -0.067200 0.460000 -0.024000 0.000000
0.451429 -0.027200 1.080000 -0.012800 0.000000
0.442857 -0.030400 1.071429 -0.016000 0.000000
0.434286 -0.032000 1.062857 -0.017600 0.000000
0.425714 -0.032000 1.054286 -0.017600 0.000000
0.417143 -0.032000 1.045714 -0.017600 0.000000
0.408571 -0.032000 1.037143 -0.017600 0.000000
0.400000 -0.032000 1.028571 -0.017600 0.000000
0.391429 -0.030400 1.020000 -0.016000 0.000000
0.382857 -0.028800 1.011429 -0.014400 0.000000
0.374286 -0.025600 1.002857 -0.011200 0.000000
0.365714 -0.024000 0.994286 -0.009600 0.000000
0.357143 -0.019200 0.985714 -0.004800 0.000000
0.348571 -0.016000 0.977143 -0.001600 0.000000
0.340000 -0.011200 0.968571 0.003200 0.000000
0.331429 -0.004800 0.960000 0.009600 0.000000
0.322857 0.000000 0.951429 0.014400 0.000000
0.314286 0.006400 0.942857 0.020800 0.000000
0.305714 0.014400 0.934286 0.028800 0.000000
0.297143 0.020800 0.925714 0.035200 0.000000
0.288571 0.030400 0.917143 0.044800 0.000000
0.280000 0.038400 0.908571 0.052800 0.000000
0.271429 0.038400 0.900000 0.052800 1.000000
0.262857 0.025600 0.891429 0.040000 1.000000
0.254286 0.016000 0.882857 0.030400 0.000000
0.245714 0.004800 0.874286 0.019200 0.000000
0.237143 -0.004800 0.865714 0.009600 0.000000
0.228571 -0.012800 0.857143 0.001600 0.000000
0.220000 -0.022400 0.848571 -0.008000 0.000000
0.211429 -0.030400 0.840000 -0.016000 0.000000
0.202857 -0.036800 0.831429 -0.022400 0.000000
0.194286 -0.044800 0.822857 -0.030400 0.000000
0.185714 -0.049600 0.814286 -0.035200 0.000000
0.177143 -0.056000 0.805714 -0.041600 0.000000
0.168571 -0.060800 0.797143 -0.046400 0.000000
0.160000 -0.065600 0.788571 -0.051200 0.000000
0.151429 -0.068800 0.780000 -0.054400 0.000000
0.142857 -0.072000 0.771429 -0.057600 0.000000
0.134286 -0.075200 0.762857 -0.060800 0.000000
0.125714 -0.078400 0.754286 -0.064000 0.000000
0.117143 -0.080000 0.745714 -0.065600 0.000000
0.108571 -0.080000 0.737143 -0.065600 0.000000
0.100000 -0.080000 0.728571 -0.065600 0.000000
0.091429 -0.080000 0.720000 -0.065600 0.000000
0.082857 -0.080000 0.711429 -0.065600 0.000000
0.074286 -0.078400 0.702857 -0.064000 0.000000
0.065714 -0.076800 0.694286 -0.062400 0.000000
0.057143 -0.073600 0.685714 -0.059200 0.000000
0.048571 -0.072000 0.677143 -0.057600 0.000000
0.040000 -0.067200 0.668571 -0.052800 0.000000
0.031429 -0.064000 0.660000 -0.049600 0.000000
0.022857 -0.059200 0.651429 -0.044800 0.000000
0.014286 -0.052800 0.642857 -0.038400 0.000000
0.005714 -0.048000 0.634286 -0.033600 0.000000
-0.002857 -0.041600 0.625714 -0.027200 0.000000
-0.011429 -0.033600 0.617143 -0.019200 0.000000
-0.020000 -0.027200 0.608571 -0.012800 0.000000
-0.028571 -0.017600 0.600000 -0.003200 0.000000
-0.037143 -0.009600 0.591429 0.004800 0.000000
-0.045714 0.000000 0.582857 0.014400 0.000000
-0.054286 0.009600 0.574286 0.024000 0.000000
-0.062857 0.020800 0.565714 0.035200 0.000000
-0.071429 0.032000 0.557143 0.046400 0.000000
-0.080000 0.043200 0.548571 0.057600 0.000000
-0.088571 0.043200 0.540000 0.057600 1.000000
-0.097143 0.030400 0.531429 0.044800 1.000000
-0.105714 0.020800 0.522857 0.035200 0.000000
-0.114286 0.009600 0.514286 0.024000 0.000000
-0.122857 0.000000 0.505714 0.014400 0.000000
-0.131429 -0.008000 0.497143 0.006400 0.000000
-0.140000 -0.017600 0.488571 -0.003200 0.000000
-0.148571 -0.025600 0.480000 -0.011200 0.000000
-0.157143 -0.032000 0.471429 -0.017600 0.000000
-0.165714 -0.040000 0.462857 -0.025600 0.000000
-0.174286 -0.044800 0.454286 -0.030400 0.000000
0.445714 -0.036800 1.082857 -0.195200 0.000000
0.437143 -0.041600 1.074286 -0.200000 0.000000
0.428571 -0.046400 1.065714 -0.204800 0.000000
0.420000 -0.049600 1.057143 -0.208000 0.000000
0.411429 -0.052800 1.048571 -0.211200 0.000000
0.402857 -0.056000 1.040000 -0.214400 0.000000
0.394286 -0.059200 1.031429 -0.217600 0.000000
0.385714 -0.060800 1.022857 -0.219200 0.000000
0.377143 -0.060800 1.014286 -0.219200 0.000000
0.368571 -0.060800 1.005714 -0.219200 0.000000
0.360000 -0.060800 0.997143 -0.219200 0.000000
0.351429 -0.060800 0.988571 -0.219200 0.000000
0.342857 -0.059200 0.980000 -0.217600 0.000000
0.334286 -0.057600 0.971429 -0.216000 0.000000
0.325714 -0.054400 0.962857 -0.212800 0.000000
0.317143 -0.052800 0.954286 -0.211200 0.000000
0.308571 -0.048000 0.945714 -0.206400 0.000000
0.300000 -0.044800 0.937143 -0.203200 0.000000
0.291429 -0.040000 0.928571 -0.198400 0.000000
0.282857 -0.033600 0.920000 -0.192000 0.000000
0.274286 -0.028800 0.911429 -0.187200 0.000000
0.265714 -0.022400 0.902857 -0.180800 0.000000
0.257143 -0.014400 0.894286 -0.172800 0.000000
0.248571 -0.008000 0.885714 -0.166400 0.000000
0.240000 0.001600 0.877143 -0.156800 0.000000
0.231429 0.009600 0.868571 -0.148800 0.000000
0.222857 0.019200 0.860000 -0.139200 0.000000
0.214286 0.028800 0.851429 -0.129600 0.000000
0.205714 0.040000 0.842857 -0.118400 0.000000
0.197143 0.051200 0.834286 -0.107200 0.000000
0.188571 0.051200 0.825714 -0.107200 1.000000
0.180000 0.038400 0.817143 -0.120000 1.000000
0.171429 0.028800 0.808571 -0.129600 0.000000
0.162857 0.017600 0.800000 -0.140800 0.000000
0.154286 0.008000 0.791429 -0.150400 0.000000
0.145714 0.000000 0.782857 -0.158400 0.000000
0.137143 -0.009600 0.774286 -0.168000 0.000000
0.128571 -0.017600 0.765714 -0.176000 0.000000
0.120000 -0.024000 0.757143 -0.182400 0.000000
0.111429 -0.032000 0.748571 -0.190400 0.000000
0.102857 -0.036800 0.740000 -0.195200 0.000000
0.094286 -0.043200 0.731429 -0.201600 0.000000
0.085714 -0.048000 0.722857 -0.206400 0.000000
0.077143 -0.052800 0.714286 -0.211200 0.000000
0.068571 -0.056000 0.705714 -0.214400 0.000000
0.060000 -0.059200 0.697143 -0.217600 0.000000
0.051429 -0.062400 0.688571 -0.220800 0.000000
0.042857 -0.065600 0.680000 -0.224000 0.000000
0.034286 -0.067200 0.671429 -0.225600 0.000000
0.025714 -0.067200 0.662857 -0.225600 0.000000
0.017143 -0.067200 0.654286 -0.225600 0.000000
0.008571 -0.067200 0.645714 -0.225600 0.000000
0.000000 -0.067200 0.637143 -0.225600 0.000000
-0.008571 -0.065600 0.628571 -0.224000 0.000000
-0.017143 -0.064000 0.620000 -0.222400 0.000000
-0.025714 -0.060800 0.611429 -0.219200 0.000000
-0.034286 -0.059200 0.602857 -0.217600 0.000000
-0.042857 -0.054400 0.594286 -0.212800 0.000000
-0.051429 -0.051200 0.585714 -0.209600 0.000000
-0.060000 -0.046400 0.577143 -0.204800 0.000000
-0.068571 -0.040000 0.568571 -0.198400 0.000000
-0.077143 -0.035200 0.560000 -0.193600 0.000000
-0.085714 -0.028800 0.551429 -0.187200 0.000000
-0.094286 -0.020800 0.542857 -0.179200 0.000000
-0.102857 -0.014400 0.534286 -0.172800 0.000000
-0.111429 -0.004800 0.525714 -0.163200 0.000000
-0.120000 0.003200 0.517143 -0.155200 0.000000
-0.128571 0.012800 0.508571 -0.145600 0.000000
-0.137143 0.022400 0.500000 -0.136000 0.000000
-0.145714 0.033600 0.491429 -0.124800 0.000000
-0.154286 0.044800 0.482857 -0.113600 0.000000
-0.162857 0.056000 0.474286 -0.102400 0.000000
-0.171429 0.067200 0.465714 -0.091200 0.000000
0.457143 -0.078400 1.085714 -0.195200 0.000000
0.448571 -0.064000 1.077143 -0.180800 0.000000
0.440000 -0.049600 1.068571 -0.166400 0.000000
0.431429 -0.035200 1.060000 -0.152000 0.000000
0.422857 -0.020800 1.051429 -0.137600 0.000000
0.414286 -0.004800 1.042857 -0.121600 0.000000
0.405714 0.011200 1.034286 -0.105600 0.000000
0.397143 0.028800 1.025714 -0.088000 0.000000
0.388571 0.044800 1.017143 -0.072000 0.000000
0.380000 0.064000 1.008571 -0.052800 0.000000
0.371429 0.081600 1.000000 -0.035200 0.000000
0.362857 0.100800 0.991429 -0.016000 0.000000
0.354286 0.121600 0.982857 0.004800 0.000000
0.345714 0.121600 0.974286 0.004800 1.000000
0.337143 0.108800 0.965714 -0.008000 1.000000
0.328571 0.099200 0.957143 -0.017600 0.000000
0.320000 0.088000 0.948571 -0.028800 0.000000
0.311429 0.078400 0.940000 -0.038400 0.000000
0.302857 0.070400 0.931429 -0.046400 0.000000
0.294286 0.060800 0.922857 -0.056000 0.000000
0.285714 0.052800 0.914286 -0.064000 0.000000
0.277143 0.046400 0.905714 -0.070400 0.000000
0.268571 0.038400 0.897143 -0.078400 0.000000
0.260000 0.033600 0.888571 -0.083200 0.000000
0.251429 0.027200 0.880000 -0.089600 0.000000
0.242857 0.022400 0.871429 -0.094400 0.000000
0.234286 0.017600 0.862857 -0.099200 0.000000
0.225714 0.014400 0.854286 -0.102400 0.000000
0.217143 0.011200 0.845714 -0.105600 0.000000
0.208571 0.008000 0.837143 -0.108800 0.000000
0.200000 0.004800 0.828571 -0.112000 0.000000
0.191429 0.003200 0.820000 -0.113600 0.000000
0.182857 0.003200 0.811429 -0.113600 0.000000
0.174286 0.003200 0.802857 -0.113600 0.000000
0.165714 0.003200 0.794286 -0.113600 0.000000
0.157143 0.003200 0.785714 -0.113600 0.000000
0.148571 0.004800 0.777143 -0.112000 0.000000
0.140000 0.006400 0.768571 -0.110400 0.000000
0.131429 0.009600 0.760000 -0.107200 0.000000
0.122857 0.011200 0.751429 -0.105600 0.000000
0.114286 0.016000 0.742857 -0.100800 0.000000
0.105714 0.019200 0.734286 -0.097600 0.000000
0.097143 0.024000 0.725714 -0.092800 0.000000
0.088571 0.030400 0.717143 -0.086400 0.000000
0.080000 0.035200 0.708571 -0.081600 0.000000
0.071429 0.041600 0.700000 -0.075200 0.000000
0.062857 0.041600 0.691429 -0.075200 1.000000
0.054286 0.028800 0.682857 -0.088000 1.000000
0.045714 0.019200 0.674286 -0.097600 0.000000
0.037143 0.008000 0.665714 -0.108800 0.000000
0.028571 -0.001600 0.657143 -0.118400 0.000000
0.020000 -0.009600 0.648571 -0.126400 0.000000
0.011429 -0.019200 0.640000 -0.136000 0.000000
0.002857 -0.027200 0.631429 -0.144000 0.000000
-0.005714 -0.033600 0.622857 -0.150400 0.000000
-0.014286 -0.041600 0.614286 -0.158400 0.000000
-0.022857 -0.046400 0.605714 -0.163200 0.000000
-0.031429 -0.052800 0.597143 -0.169600 0.000000
-0.040000 -0.057600 0.588571 -0.174400 0.000000
-0.048571 -0.062400 0.580000 -0.179200 0.000000
-0.057143 -0.065600 0.571429 -0.182400 0.000000
-0.065714 -0.068800 0.562857 -0.185600 0.000000
-0.074286 -0.072000 0.554286 -0.188800 0.000000
-0.082857 -0.075200 0.545714 -0.192000 0.000000
-0.091429 -0.076800 0.537143 -0.193600 0.000000
-0.100000 -0.076800 0.528571 -0.193600 0.000000
-0.108571 -0.076800 0.520000 -0.193600 0.000000
-0.117143 -0.076800 0.511429 -0.193600 0.000000
-0.125714 -0.076800 0.502857 -0.193600 0.000000
-0.134286 -0.075200 0.494286 -0.192000 0.000000
-0.142857 -0.073600 0.485714 -0.190400 0.000000
-0.151429 -0.070400 0.477143 -0.187200 0.000000
-0.160000 -0.068800 0.468571 -0.185600 0.000000
-0.168571 -0.064000 0.460000 -0.180800 0.000000
0.451429 -0.177600 1.080000 0.076800 0.000000
0.442857 -0.172800 1.071429 0.081600 0.000000
0.434286 -0.166400 1.062857 0.088000 0.000000
0.425714 -0.161600 1.054286 0.092800 0.000000
0.417143 -0.155200 1.045714 0.099200 0.000000
0.408571 -0.147200 1.037143 0.107200 0.000000
0.400000 -0.140800 1.028571 0.113600 0.000000
0.391429 -0.131200 1.020000 0.123200 0.000000
0.382857 -0.123200 1.011429 0.131200 0.000000
0.374286 -0.113600 1.002857 0.140800 0.000000
0.365714 -0.104000 0.994286 0.150400 0.000000
0.357143 -0.092800 0.985714 0.161600 0.000000
0.348571 -0.081600 0.977143 0.172800 0.000000
0.340000 -0.070400 0.968571 0.184000 0.000000
0.331429 -0.059200 0.960000 0.195200 0.000000
0.322857 -0.046400 0.951429 0.208000 0.000000
0.314286 -0.032000 0.942857 0.222400 0.000000
0.305714 -0.017600 0.934286 0.236800 0.000000
0.297143 -0.003200 0.925714 0.251200 0.000000
0.288571 0.011200 0.917143 0.265600 0.000000
0.280000 0.027200 0.908571 0.281600 0.000000
0.271429 0.043200 0.900000 0.297600 0.000000
0.262857 0.060800 0.891429 0.315200 0.000000
0.254286 0.076800 0.882857 0.331200 0.000000
0.245714 0.096000 0.874286 0.350400 0.000000
0.237143 0.096000 0.865714 0.350400 1.000000
0.228571 0.083200 0.857143 0.337600 1.000000
0.220000 0.073600 0.848571 0.328000 0.000000
0.211429 0.062400 0.840000 0.316800 0.000000
0.202857 0.052800 0.831429 0.307200 0.000000
0.194286 0.044800 0.822857 0.299200 0.000000
0.185714 0.035200 0.814286 0.289600 0.000000
0.177143 0.027200 0.805714 0.281600 0.000000
0.168571 0.020800 0.797143 0.275200 0.000000
0.160000 0.012800 0.788571 0.267200 0.000000
0.151429 0.008000 0.780000 0.262400 0.000000
0.142857 0.001600 0.771429 0.256000 0.000000
0.134286 -0.003200 0.762857 0.251200 0.000000
0.125714 -0.008000 0.754286 0.246400 0.000000
0.117143 -0.011200 0.745714 0.243200 0.000000
0.108571 -0.014400 0.737143 0.240000 0.000000
0.100000 -0.017600 0.728571 0.236800 0.000000
0.091429 -0.020800 0.720000 0.233600 0.000000
0.082857 -0.022400 0.711429 0.232000 0.000000
0.074286 -0.022400 0.702857 0.232000 0.000000
0.065714 -0.022400 0.694286 0.232000 0.000000
0.057143 -0.022400 0.685714 0.232000 0.000000
0.048571 -0.022400 0.677143 0.232000 0.000000
0.040000 -0.020800 0.668571 0.233600 0.000000
0.031429 -0.019200 0.660000 0.235200 0.000000
0.022857 -0.016000 0.651429 0.238400 0.000000
0.014286 -0.014400 0.642857 0.240000 0.000000
0.005714 -0.009600 0.634286 0.244800 0.000000
-0.002857 -0.006400 0.625714 0.248000 0.000000
-0.011429 -0.001600 0.617143 0.252800 0.000000
-0.020000 0.004800 0.608571 0.259200 0.000000
-0.028571 0.009600 0.600000 0.264000 0.000000
-0.037143 0.016000 0.591429 0.270400 0.000000
-0.045714 0.024000 0.582857 0.278400 0.000000
-0.054286 0.024000 0.574286 0.278400 1.000000
-0.062857 0.011200 0.565714 0.265600 1.000000
-0.071429 0.001600 0.557143 0.256000 0.000000
-0.080000 -0.009600 0.548571 0.244800 0.000000
-0.088571 -0.019200 0.540000 0.235200 0.000000
-0.097143 -0.027200 0.531429 0.227200 0.000000
-0.105714 -0.036800 0.522857 0.217600 0.000000
-0.114286 -0.044800 0.514286 0.209600 0.000000
-0.122857 -0.051200 0.505714 0.203200 0.000000
-0.131429 -0.059200 0.497143 0.195200 0.000000
-0.140000 -0.064000 0.488571 0.190400 0.000000
-0.148571 -0.070400 0.480000 0.184000 0.000000
-0.157143 -0.075200 0.471429 0.179200 0.000000
-0.165714 -0.080000 0.462857 0.174400 0.000000
-0.174286 -0.083200 0.454286 0.171200 0.000000
0.445714 0.168000 1.074286 -0.028800 0.000000
0.437143 0.164800 1.065714 -0.032000 0.000000
0.428571 0.161600 1.057143 -0.035200 0.000000
0.420000 0.160000 1.048571 -0.036800 0.000000
0.411429 0.160000 1.040000 -0.036800 0.000000
0.402857 0.160000 1.031429 -0.036800 0.000000
0.394286 0.160000 1.022857 -0.036800 1.000000
0.385714 0.147200 1.014286 -0.049600 1.000000
0.377143 0.137600 1.005714 -0.059200 0.000000
0.368571 0.126400 0.997143 -0.070400 0.000000
0.360000 0.116800 0.988571 -0.080000 0.000000
0.351429 0.108800 0.980000 -0.088000 0.000000
0.342857 0.099200 0.971429 -0.097600 0.000000
0.334286 0.091200 0.962857 -0.105600 0.000000
0.325714 0.084800 0.954286 -0.112000 0.000000
0.317143 0.076800 0.945714 -0.120000 0.000000
0.308571 0.072000 0.937143 -0.124800 0.000000
0.300000 0.065600 0.928571 -0.131200 0.000000
0.291429 0.060800 0.920000 -0.136000 0.000000
0.282857 0.056000 0.911429 -0.140800 0.000000
0.274286 0.052800 0.902857 -0.144000 0.000000
0.265714 0.049600 0.894286 -0.147200 0.000000
0.257143 0.046400 0.885714 -0.150400 0.000000
0.248571 0.043200 0.877143 -0.153600 0.000000
0.240000 0.041600 0.868571 -0.155200 0.000000
0.231429 0.041600 0.860000 -0.155200 0.000000
0.222857 0.041600 0.851429 -0.155200 0.000000
0.214286 0.041600 0.842857 -0.155200 0.000000
0.205714 0.041600 0.834286 -0.155200 0.000000
0.197143 0.043200 0.825714 -0.153600 0.000000
0.188571 0.044800 0.817143 -0.152000 0.000000
0.180000 0.048000 0.808571 -0.148800 0.000000
0.171429 0.049600 0.800000 -0.147200 0.000000
0.162857 0.054400 0.791429 -0.142400 0.000000
0.154286 0.054400 0.782857 -0.142400 1.000000
0.145714 0.041600 0.774286 -0.155200 1.000000
0.137143 0.032000 0.765714 -0.164800 0.000000
0.128571 0.020800 0.757143 -0.176000 0.000000
0.120000 0.011200 0.748571 -0.185600 0.000000
0.111429 0.003200 0.740000 -0.193600 0.000000
0.102857 -0.006400 0.731429 -0.203200 0.000000
0.094286 -0.014400 0.722857 -0.211200 0.000000
0.085714 -0.020800 0.714286 -0.217600 0.000000
0.077143 -0.028800 0.705714 -0.225600 0.000000
0.068571 -0.033600 0.697143 -0.230400 0.000000
0.060000 -0.040000 0.688571 -0.236800 0.000000
0.051429 -0.044800 0.680000 -0.241600 0.000000
0.042857 -0.049600 0.671429 -0.246400 0.000000
0.034286 -0.052800 0.662857 -0.249600 0.000000
0.025714 -0.056000 0.654286 -0.252800 0.000000
0.017143 -0.059200 0.645714 -0.256000 0.000000
0.008571 -0.062400 0.637143 -0.259200 0.000000
0.000000 -0.064000 0.628571 -0.260800 0.000000
-0.008571 -0.064000 0.620000 -0.260800 0.000000
-0.017143 -0.064000 0.611429 -0.260800 0.000000
-0.025714 -0.064000 0.602857 -0.260800 0.000000
-0.034286 -0.064000 0.594286 -0.260800 0.000000
-0.042857 -0.062400 0.585714 -0.259200 0.000000
-0.051429 -0.060800 0.577143 -0.257600 0.000000
-0.060000 -0.057600 0.568571 -0.254400 0.000000
-0.068571 -0.056000 0.560000 -0.252800 0.000000
-0.077143 -0.051200 0.551429 -0.248000 0.000000
-0.085714 -0.048000 0.542857 -0.244800 0.000000
-0.094286 -0.043200 0.534286 -0.240000 0.000000
-0.102857 -0.036800 0.525714 -0.233600 0.000000
-0.111429 -0.032000 0.517143 -0.228800 0.000000
-0.120000 -0.025600 0.508571 -0.222400 0.000000
-0.128571 -0.017600 0.500000 -0.214400 0.000000
-0.137143 -0.011200 0.491429 -0.208000 0.000000
-0.145714 -0.001600 0.482857 -0.198400 0.000000
-0.154286 0.006400 0.474286 -0.190400 0.000000
-0.162857 0.016000 0.465714 -0.180800 0.000000
-0.171429 0.025600 0.457143 -0.171200 0.000000
0.448571 -0.160000 1.085714 -0.129600 0.000000
0.440000 -0.148800 1.077143 -0.118400 0.000000
0.431429 -0.137600 1.068571 -0.107200 0.000000
0.422857 -0.126400 1.060000 -0.096000 0.000000
0.414286 -0.113600 1.051429 -0.083200 0.000000
0.405714 -0.099200 1.042857 -0.068800 0.000000
0.397143 -0.084800 1.034286 -0.054400 0.000000
0.388571 -0.070400 1.025714 -0.040000 0.000000
0.380000 -0.056000 1.017143 -0.025600 0.000000
0.371429 -0.040000 1.008571 -0.009600 0.000000
0.362857 -0.024000 1.000000 0.006400 0.000000
0.354286 -0.006400 0.991429 0.024000 0.000000
0.345714 0.009600 0.982857 0.040000 0.000000
0.337143 0.028800 0.974286 0.059200 0.000000
0.328571 0.046400 0.965714 0.076800 0.000000
0.320000 0.065600 0.957143 0.096000 0.000000
0.311429 0.086400 0.948571 0.116800 0.000000
0.302857 0.105600 0.940000 0.136000 0.000000
0.294286 0.126400 0.931429 0.156800 0.000000
0.285714 0.126400 0.922857 0.156800 1.000000
0.277143 0.113600 0.914286 0.144000 1.000000
0.268571 0.104000 0.905714 0.134400 0.000000
0.260000 0.092800 0.897143 0.123200 0.000000
0.251429 0.083200 0.888571 0.113600 0.000000
0.242857 0.075200 0.880000 0.105600 0.000000
0.234286 0.065600 0.871429 0.096000 0.000000
0.225714 0.057600 0.862857 0.088000 0.000000
0.217143 0.051200 0.854286 0.081600 0.000000
0.208571 0.043200 0.845714 0.073600 0.000000
0.200000 0.038400 0.837143 0.068800 0.000000
0.191429 0.032000 0.828571 0.062400 0.000000
0.182857 0.027200 0.820000 0.057600 0.000000
0.174286 0.022400 0.811429 0.052800 0.000000
0.165714 0.019200 0.802857 0.049600 0.000000
0.157143 0.016000 0.794286 0.046400 0.000000
0.148571 0.012800 0.785714 0.043200 0.000000
0.140000 0.009600 0.777143 0.040000 0.000000
0.131429 0.008000 0.768571 0.038400 0.000000
0.122857 0.008000 0.760000 0.038400 0.000000
0.114286 0.008000 0.751429 0.038400 0.000000
0.105714 0.008000 0.742857 0.038400 0.000000
0.097143 0.008000 0.734286 0.038400 0.000000
0.088571 0.009600 0.725714 0.040000 0.000000
0.080000 0.011200 0.717143 0.041600 0.000000
0.071429 0.014400 0.708571 0.044800 0.000000
0.062857 0.016000 0.700000 0.046400 0.000000
0.054286 0.020800 0.691429 0.051200 0.000000
0.045714 0.024000 0.682857 0.054400 0.000000
0.037143 0.028800 0.674286 0.059200 0.000000
0.028571 0.035200 0.665714 0.065600 0.000000
0.020000 0.040000 0.657143 0.070400 0.000000
0.011429 0.046400 0.648571 0.076800 0.000000
0.002857 0.046400 0.640000 0.076800 1.000000
-0.005714 0.033600 0.631429 0.064000 1.000000
-0.014286 0.024000 0.622857 0.054400 0.000000
-0.022857 0.012800 0.614286 0.043200 0.000000
-0.031429 0.003200 0.605714 0.033600 0.000000
-0.040000 -0.004800 0.597143 0.025600 0.000000
-0.048571 -0.014400 0.588571 0.016000 0.000000
-0.057143 -0.022400 0.580000 0.008000 0.000000
-0.065714 -0.028800 0.571429 0.001600 0.000000
-0.074286 -0.036800 0.562857 -0.006400 0.000000
-0.082857 -0.041600 0.554286 -0.011200 0.000000
-0.091429 -0.048000 0.545714 -0.017600 0.000000
-0.100000 -0.052800 0.537143 -0.022400 0.000000
-0.108571 -0.057600 0.528571 -0.027200 0.000000
-0.117143 -0.060800 0.520000 -0.030400 0.000000
-0.125714 -0.064000 0.511429 -0.033600 0.000000
-0.134286 -0.067200 0.502857 -0.036800 0.000000
-0.142857 -0.070400 0.494286 -0.040000 0.000000
-0.151429 -0.072000 0.485714 -0.041600 0.000000
-0.160000 -0.072000 0.477143 -0.041600 0.000000
-0.168571 -0.072000 0.468571 -0.041600 0.000000
0.460000 -0.041600 1.088571 0.001600 0.000000
0.451429 -0.041600 1.080000 0.001600 0.000000
0.442857 -0.040000 1.071429 0.003200 0.000000
0.434286 -0.038400 1.062857 0.004800 0.000000
0.425714 -0.035200 1.054286 0.008000 0.000000
0.417143 -0.033600 1.045714 0.009600 0.000000
0.408571 -0.028800 1.037143 0.014400 0.000000
0.400000 -0.025600 1.028571 0.017600 0.000000
0.391429 -0.020800 1.020000 0.022400 0.000000
0.382857 -0.014400 1.011429 0.028800 0.000000
0.374286 -0.009600 1.002857 0.033600 0.000000
0.365714 -0.003200 0.994286 0.040000 0.000000
0.357143 0.004800 0.985714 0.048000 0.000000
0.348571 0.011200 0.977143 0.054400 0.000000
0.340000 0.020800 0.968571 0.064000 0.000000
0.331429 0.028800 0.960000 0.072000 0.000000
0.322857 0.038400 0.951429 0.081600 0.000000
0.314286 0.048000 0.942857 0.091200 0.000000
0.305714 0.059200 0.934286 0.102400 0.000000
0.297143 0.070400 0.925714 0.113600 0.000000
0.288571 0.070400 0.917143 0.113600 1.000000
0.280000 0.057600 0.908571 0.100800 1.000000
0.271429 0.048000 0.900000 0.091200 0.000000
0.262857 0.036800 0.891429 0.080000 0.000000
0.254286 0.027200 0.882857 0.070400 0.000000
0.245714 0.019200 0.874286 0.062400 0.000000
0.237143 0.009600 0.865714 0.052800 0.000000
0.228571 0.001600 0.857143 0.044800 0.000000
0.220000 -0.004800 0.848571 0.038400 0.000000
0.211429 -0.012800 0.840000 0.030400 0.000000
0.202857 -0.017600 0.831429 0.025600 0.000000
0.194286 -0.024000 0.822857 0.019200 0.000000
0.185714 -0.028800 0.814286 0.014400 0.000000
0.177143 -0.033600 0.805714 0.009600 0.000000
0.168571 -0.036800 0.797143 0.006400 0.000000
0.160000 -0.040000 0.788571 0.003200 0.000000
0.151429 -0.043200 0.780000 0.000000 0.000000
0.142857 -0.046400 0.771429 -0.003200 0.000000
0.134286 -0.048000 0.762857 -0.004800 0.000000
0.125714 -0.048000 0.754286 -0.004800 0.000000
0.117143 -0.048000 0.745714 -0.004800 0.000000
0.108571 -0.048000 0.737143 -0.004800 0.000000
0.100000 -0.048000 0.728571 -0.004800 0.000000
0.091429 -0.046400 0.720000 -0.003200 0.000000
0.082857 -0.044800 0.711429 -0.001600 0.000000
0.074286 -0.041600 0.702857 0.001600 0.000000
0.065714 -0.040000 0.694286 0.003200 0.000000
0.057143 -0.035200 0.685714 0.008000 0.000000
0.048571 -0.032000 0.677143 0.011200 0.000000
0.040000 -0.027200 0.668571 0.016000 0.000000
0.031429 -0.020800 0.660000 0.022400 0.000000
0.022857 -0.016000 0.651429 0.027200 0.000000
0.014286 -0.009600 0.642857 0.033600 0.000000
0.005714 -0.001600 0.634286 0.041600 0.000000
-0.002857 0.004800 0.625714 0.048000 0.000000
-0.011429 0.014400 0.617143 0.057600 0.000000
-0.020000 0.022400 0.608571 0.065600 0.000000
-0.028571 0.032000 0.600000 0.075200 0.000000
-0.037143 0.041600 0.591429 0.084800 0.000000
-0.045714 0.041600 0.582857 0.084800 1.000000
-0.054286 0.028800 0.574286 0.072000 1.000000
-0.062857 0.019200 0.565714 0.062400 0.000000
-0.071429 0.008000 0.557143 0.051200 0.000000
-0.080000 -0.001600 0.548571 0.041600 0.000000
-0.088571 -0.009600 0.540000 0.033600 0.000000
-0.097143 -0.019200 0.531429 0.024000 0.000000
-0.105714 -0.027200 0.522857 0.016000 0.000000
-0.114286 -0.033600 0.514286 0.009600 0.000000
-0.122857 -0.041600 0.505714 0.001600 0.000000
-0.131429 -0.046400 0.497143 -0.003200 0.000000
-0.140000 -0.052800 0.488571 -0.009600 0.000000
-0.148571 -0.057600 0.480000 -0.014400 0.000000
-0.157143 -0.062400 0.471429 -0.019200 0.000000
-0.165714 -0.065600 0.462857 -0.022400 0.000000
-0.174286 -0.068800 0.454286 -0.025600 0.000000
0.445714 -0.028800 1.074286 -0.188800 0.000000
0.437143 -0.032000 1.065714 -0.192000 0.000000
0.428571 -0.033600 1.057143 -0.193600 0.000000
0.420000 -0.033600 1.048571 -0.193600 0.000000
0.411429 -0.033600 1.040000 -0.193600 0.000000
0.402857 -0.033600 1.031429 -0.193600 0.000000
0.394286 -0.033600 1.022857 -0.193600 0.000000
0.385714 -0.032000 1.014286 -0.192000 0.000000
0.377143 -0.030400 1.005714 -0.190400 0.000000
0.368571 -0.027200 0.997143 -0.187200 0.000000
0.360000 -0.025600 0.988571 -0.185600 0.000000
0.351429 -0.020800 0.980000 -0.180800 0.000000
0.342857 -0.017600 0.971429 -0.177600 0.000000
0.334286 -0.012800 0.962857 -0.172800 0.000000
0.325714 -0.006400 0.954286 -0.166400 0.000000
0.317143 -0.001600 0.945714 -0.161600 0.000000
0.308571 0.004800 0.937143 -0.155200 0.000000
0.300000 0.012800 0.928571 -0.147200 0.000000
0.291429 0.019200 0.920000 -0.140800 0.000000
0.282857 0.028800 0.911429 -0.131200 0.000000